60
61
61
59
60
61
60
61
60
55
60
61
58
60
61
61
60
60
60
61
60
61
60
60
61
60
60
60
61
62
61
61
60
58
60
61
60
61
61
60
61
61
60
61
60
61
60
60
60
60
60
60
61
61
60
60
60
60
61
60
60
61
61
60
61
61
61
61
62
61
61
61
60
60
60
61
61
60
60
61
61
62
61
61
61
60
61
61
62
61
60
61
60
60
61
61
62
61
61
61
60
63
63
62
61
61
61
61
60
60
61
61
61
61
61
62
60
60
62
62
60
62
62
61
62
62
61
62
61
58
60
60
61
61
61
62
62
62
62
61
61
62
62
62
61
61
61
61
60
62
62
61
62
61
59
61
59
62
61
60
61
60
60
60
61
61
62
61
62
62
61
61
61
60
63
61
61
62
62
62
61
60
63
62
62
60
60
61
60
60
60
62
61
61
61
59
59
60
60
61
61
61
61
59
60
61
60
60
61
60
60
61
61
61
61
61
61
61
60
60
60
61
62
62
62
60
61
63
62
60
59
59
60
60
61
62
62
61
59
61
61
62
61
60
61
60
60
59
59
59
60
61
60
61
